time = 8.949944496154785
resolution_width = 87
resolution_height = 28
frequency = 12.319995880126953
amplitude = 1.299997329711914
speed = 0.5959405899047852
color_shift = 4.011144638061523
scale = 1.0
octaves = 4
noise_strength = 0.3336195945739746
distort_amplitude = 0.20000000298023224
noise_scale = 0.004999999888241291
z_rate = 0.019999999552965164
brightness = 1.0994879007339478
contrast = 1.0577040910720825
hue = 0.0
saturation = 1.0
gamma = 1.0
vignette = 0.30000001192092896
vignette_softness = 0.5
glyph_sharpness = 1.0
background_tint_r = 0.0
background_tint_g = 0.0
background_tint_b = 0.0
palette = "Simple"
color_mode = "Chromatic"
pattern_type = "Plasma"
audio_enabled = true
bass_influence = 0.5
mid_influence = 0.30000001192092896
treble_influence = 0.20000000298023224
effect_time = -100.0
effect_type = 0
