time = 71.65898132324219
resolution_width = 87
resolution_height = 28
frequency = 13.56558895111084
amplitude = 1.2063524723052979
speed = 0.9588882923126221
color_shift = 5.702915668487549
scale = 0.5927001237869263
octaves = 6
noise_strength = 0.13509202003479004
distort_amplitude = 1.4414544105529785
noise_scale = 0.0028038041200488806
z_rate = 0.02133646048605442
brightness = 1.2413350343704224
contrast = 0.7358242869377136
hue = 0.0
saturation = 1.1458324193954468
gamma = 0.9427358508110046
vignette = 0.24097692966461182
vignette_softness = 0.5669666528701782
glyph_sharpness = 1.4876586198806763
background_tint_r = 0.0
background_tint_g = 0.0
background_tint_b = 0.0
palette = "Circles"
color_mode = "Warped"
pattern_type = "Waves"
audio_enabled = false
bass_influence = 0.7736244797706604
mid_influence = 0.3042650520801544
treble_influence = 0.46041545271873474
effect_time = -100.0
effect_type = 2
