time = 102.6573486328125
resolution_width = 87
resolution_height = 28
frequency = 8.84781551361084
amplitude = 1.7750816345214844
speed = 0.8162499070167542
color_shift = 1.68159019947052
scale = 1.5472484827041626
octaves = 3
noise_strength = 0.17673996090888977
distort_amplitude = 0.7029579281806946
noise_scale = 0.007493468467146158
z_rate = 0.016092363744974136
brightness = 1.575490951538086
contrast = 0.6872000694274902
hue = 0.0
saturation = 0.6260335445404053
gamma = 1.1040849685668945
vignette = 0.0
vignette_softness = 0.5583440065383911
glyph_sharpness = 1.0439661741256714
background_tint_r = 0.0
background_tint_g = 0.0
background_tint_b = 0.0
palette = "Circles"
color_mode = "Monochrome"
pattern_type = "Plasma"
audio_enabled = false
bass_influence = 0.4774302840232849
mid_influence = 0.5246115922927856
treble_influence = 0.14228282868862152
effect_time = -100.0
effect_type = 2
