time = 2.458639621734619
resolution_width = 87
resolution_height = 28
frequency = 3.5278570652008057
amplitude = 0.5484310388565063
speed = 0.8715153336524963
color_shift = 4.827950477600098
scale = 0.6626437902450562
octaves = 6
noise_strength = 0.14303718507289886
distort_amplitude = 0.8573092222213745
noise_scale = 0.0031198905780911446
z_rate = 0.02853875234723091
brightness = 1.089967966079712
contrast = 0.7669687271118164
hue = 0.0
saturation = 0.6278786063194275
gamma = 0.9116429686546326
vignette = 0.36810997128486633
vignette_softness = 0.3832405209541321
glyph_sharpness = 0.9173988699913025
background_tint_r = 0.0
background_tint_g = 0.0
background_tint_b = 0.0
palette = "Dots"
color_mode = "Chromatic"
pattern_type = "Truchet"
audio_enabled = false
bass_influence = 0.48976072669029236
mid_influence = 0.5504285097122192
treble_influence = 0.2510584592819214
effect_time = -100.0
effect_type = 2
