time = 19.35671615600586
resolution_width = 87
resolution_height = 28
frequency = 5.284158706665039
amplitude = 0.9012794494628906
speed = 0.28295522928237915
color_shift = 2.4716227054595947
scale = 2.618593692779541
octaves = 5
noise_strength = 0.27784016728401184
distort_amplitude = 0.2703886926174164
noise_scale = 0.007476519793272018
z_rate = 0.0459011048078537
brightness = 0.8619410395622253
contrast = 1.4039647579193115
hue = 0.0
saturation = 1.460784673690796
gamma = 1.2424873113632202
vignette = 0.24606335163116455
vignette_softness = 0.657867431640625
glyph_sharpness = 1.3214730024337769
background_tint_r = 0.0
background_tint_g = 0.0
background_tint_b = 0.0
palette = "BoxDraw"
color_mode = "Chromatic"
pattern_type = "Plasma"
audio_enabled = false
bass_influence = 0.7322208285331726
mid_influence = 0.47482967376708984
treble_influence = 0.24422091245651245
effect_time = -100.0
effect_type = 6
