time = 47.483367919921875
resolution_width = 87
resolution_height = 28
frequency = 6.524827003479004
amplitude = 1.7473995685577393
speed = 0.9959831237792969
color_shift = 5.826473236083984
scale = 0.8731423616409302
octaves = 3
noise_strength = 0.13543587923049927
distort_amplitude = 0.7196541428565979
noise_scale = 0.004044307395815849
z_rate = 0.019268102943897247
brightness = 1.4646754264831543
contrast = 1.5284124612808228
hue = 0.0
saturation = 1.492720365524292
gamma = 0.8399808406829834
vignette = 0.16133509576320648
vignette_softness = 0.7116600275039673
glyph_sharpness = 0.7345554232597351
background_tint_r = 0.0
background_tint_g = 0.0
background_tint_b = 0.0
palette = "Mixed"
color_mode = "Neon"
pattern_type = "Plasma"
audio_enabled = false
bass_influence = 0.6582169532775879
mid_influence = 0.2964005172252655
treble_influence = 0.33530500531196594
effect_time = -100.0
effect_type = 5
