time = 15.531087875366211
resolution_width = 87
resolution_height = 28
frequency = 8.868972778320313
amplitude = 1.1414620876312256
speed = 0.5068994164466858
color_shift = 5.873444557189941
scale = 1.7669743299484253
octaves = 4
noise_strength = 0.16443198919296265
distort_amplitude = 0.35607385635375977
noise_scale = 0.0021059252321720123
z_rate = 0.03007829375565052
brightness = 1.4686517715454102
contrast = 0.9739275574684143
hue = 0.0
saturation = 1.1593565940856934
gamma = 0.833067774772644
vignette = 0.39205893874168396
vignette_softness = 0.6483346223831177
glyph_sharpness = 1.0842088460922241
background_tint_r = 0.0
background_tint_g = 0.0
background_tint_b = 0.0
palette = "BoxDraw"
color_mode = "Chromatic"
pattern_type = "Plasma"
audio_enabled = false
bass_influence = 0.3615086078643799
mid_influence = 0.5096741318702698
treble_influence = 0.25769832730293274
effect_time = -100.0
effect_type = 3
