time = 10.319106101989746
resolution_width = 87
resolution_height = 28
frequency = 4.260184288024902
amplitude = 0.5535946488380432
speed = 0.4622061848640442
color_shift = 4.018660068511963
scale = 0.5633427500724792
octaves = 4
noise_strength = 0.16617749631404877
distort_amplitude = 0.19278666377067566
noise_scale = 0.004948833025991917
z_rate = 0.023161912336945534
brightness = 1.697296380996704
contrast = 1.154085636138916
hue = 0.0
saturation = 1.4403377771377563
gamma = 1.1797734498977661
vignette = 0.1917494833469391
vignette_softness = 0.5063796043395996
glyph_sharpness = 1.4023315906524658
background_tint_r = 0.0
background_tint_g = 0.0
background_tint_b = 0.0
palette = "Dots"
color_mode = "Chromatic"
pattern_type = "Vortex"
audio_enabled = false
bass_influence = 0.44138461351394653
mid_influence = 0.2383699119091034
treble_influence = 0.12485123425722122
effect_time = -100.0
effect_type = 4
