time = 16.919509887695313
resolution_width = 87
resolution_height = 28
frequency = 12.319995880126953
amplitude = 1.299997329711914
speed = 0.7212451696395874
color_shift = 2.9790518283843994
scale = 1.0
octaves = 4
noise_strength = 0.4816294312477112
distort_amplitude = 0.20000000298023224
noise_scale = 0.004999999888241291
z_rate = 0.019999999552965164
brightness = 1.284860372543335
contrast = 1.2055480480194092
hue = 0.0
saturation = 1.0
gamma = 1.0
vignette = 0.30000001192092896
vignette_softness = 0.5
glyph_sharpness = 1.0
background_tint_r = 0.0
background_tint_g = 0.0
background_tint_b = 0.0
palette = "Geometric"
color_mode = "Cyberpunk"
pattern_type = "Plasma"
audio_enabled = true
bass_influence = 0.5
mid_influence = 0.30000001192092896
treble_influence = 0.20000000298023224
effect_time = 5.624343395233154
effect_type = 0
