time = 42.82164764404297
resolution_width = 87
resolution_height = 28
frequency = 3.329679250717163
amplitude = 1.929374098777771
speed = 0.7125422954559326
color_shift = 1.003300428390503
scale = 2.9996979236602783
octaves = 4
noise_strength = 0.014621331356465816
distort_amplitude = 0.3881566524505615
noise_scale = 0.006998984608799219
z_rate = 0.017162328585982323
brightness = 0.9288561940193176
contrast = 0.8013622760772705
hue = 0.0
saturation = 0.6046344637870789
gamma = 0.9007219076156616
vignette = 0.11896367371082306
vignette_softness = 0.7384659647941589
glyph_sharpness = 1.0336472988128662
background_tint_r = 0.0
background_tint_g = 0.0
background_tint_b = 0.0
palette = "Simple"
color_mode = "Neon"
pattern_type = "Vortex"
audio_enabled = false
bass_influence = 0.5747911930084229
mid_influence = 0.27163928747177124
treble_influence = 0.2680099904537201
effect_time = -100.0
effect_type = 5
