time = 21.346637725830078
resolution_width = 87
resolution_height = 28
frequency = 15.939553260803223
amplitude = 1.5175464153289795
speed = 0.3639061152935028
color_shift = 6.034068584442139
scale = 2.7173383235931396
octaves = 3
noise_strength = 0.07742047309875488
distort_amplitude = 1.1022076606750488
noise_scale = 0.0019438310991972685
z_rate = 0.025091972202062607
brightness = 0.9209752678871155
contrast = 1.2341105937957764
hue = 0.0
saturation = 1.1475751399993896
gamma = 1.0599925518035889
vignette = 0.4991874694824219
vignette_softness = 0.7143936157226563
glyph_sharpness = 1.409471035003662
background_tint_r = 0.0
background_tint_g = 0.0
background_tint_b = 0.0
palette = "Dots"
color_mode = "Chromatic"
pattern_type = "Waves"
audio_enabled = false
bass_influence = 0.6681991815567017
mid_influence = 0.5718745589256287
treble_influence = 0.20016662776470184
effect_time = -100.0
effect_type = 4
