time = 56.28761672973633
resolution_width = 88
resolution_height = 32
frequency = 11.851103782653809
amplitude = 1.2999885082244873
speed = 0.47288477420806885
color_shift = 4.950430393218994
scale = 1.7060878276824951
octaves = 4
noise_strength = 0.08813858032226563
distort_amplitude = 0.20000000298023224
noise_scale = 0.005661398638039827
z_rate = 0.03405674546957016
brightness = 1.2856539487838745
contrast = 0.9026055335998535
hue = 308.46746826171875
saturation = 1.2355916500091553
gamma = 1.0926586389541626
vignette = 0.44177618622779846
vignette_softness = 0.3222912549972534
glyph_sharpness = 1.0
background_tint_r = 0.0
background_tint_g = 0.0
background_tint_b = 0.0
palette = "Triangles"
color_mode = "Chromatic"
pattern_type = "Truchet"
audio_enabled = true
bass_influence = 0.5
mid_influence = 0.30000001192092896
treble_influence = 0.20000000298023224
effect_time = 49.1207160949707
effect_type = 0
