time = 69.61116790771484
resolution_width = 87
resolution_height = 28
frequency = 12.996987342834473
amplitude = 1.705276370048523
speed = 0.8364147543907166
color_shift = 1.7170733213424683
scale = 2.0631775856018066
octaves = 3
noise_strength = 0.061346385627985
distort_amplitude = 1.1081217527389526
noise_scale = 0.007987906225025654
z_rate = 0.013682160526514053
brightness = 1.0212619304656982
contrast = 0.8790711760520935
hue = 0.0
saturation = 0.8808215856552124
gamma = 1.2437760829925537
vignette = 0.3067573010921478
vignette_softness = 0.6760493516921997
glyph_sharpness = 1.1556800603866577
background_tint_r = 0.2054317742586136
background_tint_g = 0.2581808567047119
background_tint_b = 0.08221837133169174
palette = "Circles"
color_mode = "Warped"
pattern_type = "Waves"
audio_enabled = false
bass_influence = 0.3829224109649658
mid_influence = 0.5281829237937927
treble_influence = 0.4963507652282715
effect_time = -100.0
effect_type = 5
