time = 8.51724910736084
resolution_width = 87
resolution_height = 28
frequency = 8.851645469665527
amplitude = 1.361130952835083
speed = 0.3239889442920685
color_shift = 1.7632834911346436
scale = 1.9991934299468994
octaves = 4
noise_strength = 0.1713041365146637
distort_amplitude = 0.16203191876411438
noise_scale = 0.0031650401651859283
z_rate = 0.020607978105545044
brightness = 1.500475525856018
contrast = 1.5810818672180176
hue = 0.0
saturation = 1.356971263885498
gamma = 1.2819340229034424
vignette = 0.20831048488616943
vignette_softness = 0.4783474802970886
glyph_sharpness = 0.8374396562576294
background_tint_r = 0.0
background_tint_g = 0.0
background_tint_b = 0.0
palette = "Braille"
color_mode = "Chromatic"
pattern_type = "Vortex"
audio_enabled = false
bass_influence = 0.4663148522377014
mid_influence = 0.47269558906555176
treble_influence = 0.29168957471847534
effect_time = -100.0
effect_type = 6
